130.721481
103.243599
106.562309
106.347603
105.971260
106.121025
106.256561
106.298584
106.296799
106.226921
106.535957
117.147125
117.368797
118.315201
118.356224
118.465424
118.422203
118.466972
118.262306
118.399399
118.467896
118.633110
131.885178
134.430984
133.922638
134.265793
134.187057
134.167282
134.203232
134.221283
134.207565
134.400986
134.283401
134.698090
142.317108
141.564575
141.574188
141.492355
141.583862
141.650604
141.581268
141.684113
141.785110
141.837006
141.892365
159.354156
160.056625
159.851761
159.849686
159.887741
159.834152
159.864258
159.889603
159.970642
160.013519
160.186462
159.877747
178.549210
178.304657
178.468399
178.514069
178.256378
178.260208
178.177063
178.165268
178.340851
178.372421
178.474030
178.575638
200.460632
199.600433
199.258133
199.260025
199.344498
199.222336
199.318512
199.313080
199.289841
198.959930
198.725616
210.862000
221.482254
211.766266
211.315582
211.374237
211.322174
211.081207
210.903046
210.542831
210.741318
210.855133
212.961685
211.948715
116.930016
118.853149
239.231369
240.966797
240.080521
238.404526
239.158478
239.492523
239.618301
239.362656
226.507538
267.986450
268.753601
269.853729
270.353943
270.084442
270.006317
269.620483
269.176392
269.645660
270.139435
281.445312
282.815552
283.181732
283.160614
283.156738
283.300812
283.393890
283.531677
283.766235
283.967682
284.649475
284.165466
317.127319
318.710968
319.678162
320.576904
320.617554
320.844269
320.597229
319.975006
319.537140
319.632935
320.016937
327.009247
354.168213
356.793793
357.992096
359.422302
359.781769
359.450165
358.764465
359.617767
360.147705
360.234283
359.897888
399.452881
402.153168
402.131897
402.258606
402.601501
402.828064
402.659485
402.477875
402.625824
402.587463
402.552887
440.005524
426.356659
426.824249
427.080139
427.052429
426.863525
426.700714
427.182983
427.356018
427.550690
427.701752
427.298676
426.852478
426.511414
424.919922
430.991577
nan
